Damier : 6 lignes, 3 colonnes
Solution en 11 mouvements
  2  1  4
  8  5  3
  6  #  7
 11  9 10
 14 12 13
 17 15 16
OUEST
  2  1  4
  8  5  3
  #  6  7
 11  9 10
 14 12 13
 17 15 16
NORD
  2  1  4
  #  5  3
  8  6  7
 11  9 10
 14 12 13
 17 15 16
EST
  2  1  4
  5  #  3
  8  6  7
 11  9 10
 14 12 13
 17 15 16
EST
  2  1  4
  5  3  #
  8  6  7
 11  9 10
 14 12 13
 17 15 16
NORD
  2  1  #
  5  3  4
  8  6  7
 11  9 10
 14 12 13
 17 15 16
OUEST
  2  #  1
  5  3  4
  8  6  7
 11  9 10
 14 12 13
 17 15 16
SUD
  2  3  1
  5  #  4
  8  6  7
 11  9 10
 14 12 13
 17 15 16
SUD
  2  3  1
  5  6  4
  8  #  7
 11  9 10
 14 12 13
 17 15 16
SUD
  2  3  1
  5  6  4
  8  9  7
 11  # 10
 14 12 13
 17 15 16
SUD
  2  3  1
  5  6  4
  8  9  7
 11 12 10
 14  # 13
 17 15 16
SUD
  2  3  1
  5  6  4
  8  9  7
 11 12 10
 14 15 13
 17  # 16
