Damier : 3 lignes, 6 colonnes
Iteration 0
*** LEAE - long : 1
  5  1  2  3  4 10
 11  6  #  8  9 16
 17 12  7 13 14 15
f=g+h=0+12=12
Fin iteration 0

Iteration 1
*** LEAE - long : 4
EST
  5  1  2  3  4 10
 11  6  8  #  9 16
 17 12  7 13 14 15
f=g+h=1+12=13
SUD
  5  1  2  3  4 10
 11  6  7  8  9 16
 17 12  # 13 14 15
f=g+h=1+11=12
OUEST
  5  1  2  3  4 10
 11  #  6  8  9 16
 17 12  7 13 14 15
f=g+h=1+12=13
NORD
  5  1  #  3  4 10
 11  6  2  8  9 16
 17 12  7 13 14 15
f=g+h=1+12=13
Fin iteration 1

Iteration 2
*** LEAE - long : 5
EST
  5  1  2  3  4 10
 11  6  7  8  9 16
 17 12 13  # 14 15
f=g+h=2+10=12
OUEST
  5  1  2  3  4 10
 11  6  7  8  9 16
 17  # 12 13 14 15
f=g+h=2+11=13
EST
  5  1  2  3  4 10
 11  6  8  #  9 16
 17 12  7 13 14 15
f=g+h=1+12=13
OUEST
  5  1  2  3  4 10
 11  #  6  8  9 16
 17 12  7 13 14 15
f=g+h=1+12=13
NORD
  5  1  #  3  4 10
 11  6  2  8  9 16
 17 12  7 13 14 15
f=g+h=1+12=13
Fin iteration 2

Iteration 3
*** LEAE - long : 6
EST
  5  1  2  3  4 10
 11  6  7  8  9 16
 17 12 13 14  # 15
f=g+h=3+9=12
NORD
  5  1  2  3  4 10
 11  6  7  #  9 16
 17 12 13  8 14 15
f=g+h=3+11=14
OUEST
  5  1  2  3  4 10
 11  6  7  8  9 16
 17  # 12 13 14 15
f=g+h=2+11=13
EST
  5  1  2  3  4 10
 11  6  8  #  9 16
 17 12  7 13 14 15
f=g+h=1+12=13
OUEST
  5  1  2  3  4 10
 11  #  6  8  9 16
 17 12  7 13 14 15
f=g+h=1+12=13
NORD
  5  1  #  3  4 10
 11  6  2  8  9 16
 17 12  7 13 14 15
f=g+h=1+12=13
Fin iteration 3

Iteration 4
*** LEAE - long : 7
EST
  5  1  2  3  4 10
 11  6  7  8  9 16
 17 12 13 14 15  #
f=g+h=4+8=12
NORD
  5  1  2  3  4 10
 11  6  7  8  # 16
 17 12 13 14  9 15
f=g+h=4+10=14
NORD
  5  1  2  3  4 10
 11  6  7  #  9 16
 17 12 13  8 14 15
f=g+h=3+11=14
OUEST
  5  1  2  3  4 10
 11  6  7  8  9 16
 17  # 12 13 14 15
f=g+h=2+11=13
EST
  5  1  2  3  4 10
 11  6  8  #  9 16
 17 12  7 13 14 15
f=g+h=1+12=13
OUEST
  5  1  2  3  4 10
 11  #  6  8  9 16
 17 12  7 13 14 15
f=g+h=1+12=13
NORD
  5  1  #  3  4 10
 11  6  2  8  9 16
 17 12  7 13 14 15
f=g+h=1+12=13
Fin iteration 4

Iteration 5
*** LEAE - long : 8
EST
  5  1  2  3  4 10
 11  6  7  8  9 16
  # 12 13 14 15 17
f=g+h=5+9=14
NORD
  5  1  2  3  4 10
 11  6  7  8  9  #
 17 12 13 14 15 16
f=g+h=5+7=12
NORD
  5  1  2  3  4 10
 11  6  7  8  # 16
 17 12 13 14  9 15
f=g+h=4+10=14
NORD
  5  1  2  3  4 10
 11  6  7  #  9 16
 17 12 13  8 14 15
f=g+h=3+11=14
OUEST
  5  1  2  3  4 10
 11  6  7  8  9 16
 17  # 12 13 14 15
f=g+h=2+11=13
EST
  5  1  2  3  4 10
 11  6  8  #  9 16
 17 12  7 13 14 15
f=g+h=1+12=13
OUEST
  5  1  2  3  4 10
 11  #  6  8  9 16
 17 12  7 13 14 15
f=g+h=1+12=13
NORD
  5  1  #  3  4 10
 11  6  2  8  9 16
 17 12  7 13 14 15
f=g+h=1+12=13
Fin iteration 5

Iteration 6
*** LEAE - long : 10
EST
  5  1  2  3  4 10
  #  6  7  8  9 11
 17 12 13 14 15 16
f=g+h=6+8=14
OUEST
  5  1  2  3  4 10
 11  6  7  8  #  9
 17 12 13 14 15 16
f=g+h=6+8=14
NORD
  5  1  2  3  4  #
 11  6  7  8  9 10
 17 12 13 14 15 16
f=g+h=6+6=12
EST
  5  1  2  3  4 10
 11  6  7  8  9 16
  # 12 13 14 15 17
f=g+h=5+9=14
NORD
  5  1  2  3  4 10
 11  6  7  8  # 16
 17 12 13 14  9 15
f=g+h=4+10=14
NORD
  5  1  2  3  4 10
 11  6  7  #  9 16
 17 12 13  8 14 15
f=g+h=3+11=14
OUEST
  5  1  2  3  4 10
 11  6  7  8  9 16
 17  # 12 13 14 15
f=g+h=2+11=13
EST
  5  1  2  3  4 10
 11  6  8  #  9 16
 17 12  7 13 14 15
f=g+h=1+12=13
OUEST
  5  1  2  3  4 10
 11  #  6  8  9 16
 17 12  7 13 14 15
f=g+h=1+12=13
NORD
  5  1  #  3  4 10
 11  6  2  8  9 16
 17 12  7 13 14 15
f=g+h=1+12=13
Fin iteration 6

Iteration 7
*** LEAE - long : 11
EST
  #  1  2  3  4  5
 11  6  7  8  9 10
 17 12 13 14 15 16
f=g+h=7+7=14
OUEST
  5  1  2  3  #  4
 11  6  7  8  9 10
 17 12 13 14 15 16
f=g+h=7+5=12
EST
  5  1  2  3  4 10
  #  6  7  8  9 11
 17 12 13 14 15 16
f=g+h=6+8=14
OUEST
  5  1  2  3  4 10
 11  6  7  8  #  9
 17 12 13 14 15 16
f=g+h=6+8=14
EST
  5  1  2  3  4 10
 11  6  7  8  9 16
  # 12 13 14 15 17
f=g+h=5+9=14
NORD
  5  1  2  3  4 10
 11  6  7  8  # 16
 17 12 13 14  9 15
f=g+h=4+10=14
NORD
  5  1  2  3  4 10
 11  6  7  #  9 16
 17 12 13  8 14 15
f=g+h=3+11=14
OUEST
  5  1  2  3  4 10
 11  6  7  8  9 16
 17  # 12 13 14 15
f=g+h=2+11=13
EST
  5  1  2  3  4 10
 11  6  8  #  9 16
 17 12  7 13 14 15
f=g+h=1+12=13
OUEST
  5  1  2  3  4 10
 11  #  6  8  9 16
 17 12  7 13 14 15
f=g+h=1+12=13
NORD
  5  1  #  3  4 10
 11  6  2  8  9 16
 17 12  7 13 14 15
f=g+h=1+12=13
Fin iteration 7

Iteration 8
*** LEAE - long : 12
SUD
  5  1  2  3  9  4
 11  6  7  8  # 10
 17 12 13 14 15 16
f=g+h=8+6=14
OUEST
  5  1  2  #  3  4
 11  6  7  8  9 10
 17 12 13 14 15 16
f=g+h=8+4=12
EST
  #  1  2  3  4  5
 11  6  7  8  9 10
 17 12 13 14 15 16
f=g+h=7+7=14
EST
  5  1  2  3  4 10
  #  6  7  8  9 11
 17 12 13 14 15 16
f=g+h=6+8=14
OUEST
  5  1  2  3  4 10
 11  6  7  8  #  9
 17 12 13 14 15 16
f=g+h=6+8=14
EST
  5  1  2  3  4 10
 11  6  7  8  9 16
  # 12 13 14 15 17
f=g+h=5+9=14
NORD
  5  1  2  3  4 10
 11  6  7  8  # 16
 17 12 13 14  9 15
f=g+h=4+10=14
NORD
  5  1  2  3  4 10
 11  6  7  #  9 16
 17 12 13  8 14 15
f=g+h=3+11=14
OUEST
  5  1  2  3  4 10
 11  6  7  8  9 16
 17  # 12 13 14 15
f=g+h=2+11=13
EST
  5  1  2  3  4 10
 11  6  8  #  9 16
 17 12  7 13 14 15
f=g+h=1+12=13
OUEST
  5  1  2  3  4 10
 11  #  6  8  9 16
 17 12  7 13 14 15
f=g+h=1+12=13
NORD
  5  1  #  3  4 10
 11  6  2  8  9 16
 17 12  7 13 14 15
f=g+h=1+12=13
Fin iteration 8

Iteration 9
*** LEAE - long : 13
SUD
  5  1  2  8  3  4
 11  6  7  #  9 10
 17 12 13 14 15 16
f=g+h=9+5=14
OUEST
  5  1  #  2  3  4
 11  6  7  8  9 10
 17 12 13 14 15 16
f=g+h=9+3=12
SUD
  5  1  2  3  9  4
 11  6  7  8  # 10
 17 12 13 14 15 16
f=g+h=8+6=14
EST
  #  1  2  3  4  5
 11  6  7  8  9 10
 17 12 13 14 15 16
f=g+h=7+7=14
EST
  5  1  2  3  4 10
  #  6  7  8  9 11
 17 12 13 14 15 16
f=g+h=6+8=14
OUEST
  5  1  2  3  4 10
 11  6  7  8  #  9
 17 12 13 14 15 16
f=g+h=6+8=14
EST
  5  1  2  3  4 10
 11  6  7  8  9 16
  # 12 13 14 15 17
f=g+h=5+9=14
NORD
  5  1  2  3  4 10
 11  6  7  8  # 16
 17 12 13 14  9 15
f=g+h=4+10=14
NORD
  5  1  2  3  4 10
 11  6  7  #  9 16
 17 12 13  8 14 15
f=g+h=3+11=14
OUEST
  5  1  2  3  4 10
 11  6  7  8  9 16
 17  # 12 13 14 15
f=g+h=2+11=13
EST
  5  1  2  3  4 10
 11  6  8  #  9 16
 17 12  7 13 14 15
f=g+h=1+12=13
OUEST
  5  1  2  3  4 10
 11  #  6  8  9 16
 17 12  7 13 14 15
f=g+h=1+12=13
NORD
  5  1  #  3  4 10
 11  6  2  8  9 16
 17 12  7 13 14 15
f=g+h=1+12=13
Fin iteration 9

Iteration 10
*** LEAE - long : 14
SUD
  5  1  7  2  3  4
 11  6  #  8  9 10
 17 12 13 14 15 16
f=g+h=10+4=14
OUEST
  5  #  1  2  3  4
 11  6  7  8  9 10
 17 12 13 14 15 16
f=g+h=10+2=12
SUD
  5  1  2  8  3  4
 11  6  7  #  9 10
 17 12 13 14 15 16
f=g+h=9+5=14
SUD
  5  1  2  3  9  4
 11  6  7  8  # 10
 17 12 13 14 15 16
f=g+h=8+6=14
EST
  #  1  2  3  4  5
 11  6  7  8  9 10
 17 12 13 14 15 16
f=g+h=7+7=14
EST
  5  1  2  3  4 10
  #  6  7  8  9 11
 17 12 13 14 15 16
f=g+h=6+8=14
OUEST
  5  1  2  3  4 10
 11  6  7  8  #  9
 17 12 13 14 15 16
f=g+h=6+8=14
EST
  5  1  2  3  4 10
 11  6  7  8  9 16
  # 12 13 14 15 17
f=g+h=5+9=14
NORD
  5  1  2  3  4 10
 11  6  7  8  # 16
 17 12 13 14  9 15
f=g+h=4+10=14
NORD
  5  1  2  3  4 10
 11  6  7  #  9 16
 17 12 13  8 14 15
f=g+h=3+11=14
OUEST
  5  1  2  3  4 10
 11  6  7  8  9 16
 17  # 12 13 14 15
f=g+h=2+11=13
EST
  5  1  2  3  4 10
 11  6  8  #  9 16
 17 12  7 13 14 15
f=g+h=1+12=13
OUEST
  5  1  2  3  4 10
 11  #  6  8  9 16
 17 12  7 13 14 15
f=g+h=1+12=13
NORD
  5  1  #  3  4 10
 11  6  2  8  9 16
 17 12  7 13 14 15
f=g+h=1+12=13
Fin iteration 10

Iteration 11
*** LEAE - long : 15
SUD
  5  6  1  2  3  4
 11  #  7  8  9 10
 17 12 13 14 15 16
f=g+h=11+1=12
OUEST
  #  5  1  2  3  4
 11  6  7  8  9 10
 17 12 13 14 15 16
f=g+h=11+3=14
SUD
  5  1  7  2  3  4
 11  6  #  8  9 10
 17 12 13 14 15 16
f=g+h=10+4=14
SUD
  5  1  2  8  3  4
 11  6  7  #  9 10
 17 12 13 14 15 16
f=g+h=9+5=14
SUD
  5  1  2  3  9  4
 11  6  7  8  # 10
 17 12 13 14 15 16
f=g+h=8+6=14
EST
  #  1  2  3  4  5
 11  6  7  8  9 10
 17 12 13 14 15 16
f=g+h=7+7=14
EST
  5  1  2  3  4 10
  #  6  7  8  9 11
 17 12 13 14 15 16
f=g+h=6+8=14
OUEST
  5  1  2  3  4 10
 11  6  7  8  #  9
 17 12 13 14 15 16
f=g+h=6+8=14
EST
  5  1  2  3  4 10
 11  6  7  8  9 16
  # 12 13 14 15 17
f=g+h=5+9=14
NORD
  5  1  2  3  4 10
 11  6  7  8  # 16
 17 12 13 14  9 15
f=g+h=4+10=14
NORD
  5  1  2  3  4 10
 11  6  7  #  9 16
 17 12 13  8 14 15
f=g+h=3+11=14
OUEST
  5  1  2  3  4 10
 11  6  7  8  9 16
 17  # 12 13 14 15
f=g+h=2+11=13
EST
  5  1  2  3  4 10
 11  6  8  #  9 16
 17 12  7 13 14 15
f=g+h=1+12=13
OUEST
  5  1  2  3  4 10
 11  #  6  8  9 16
 17 12  7 13 14 15
f=g+h=1+12=13
NORD
  5  1  #  3  4 10
 11  6  2  8  9 16
 17 12  7 13 14 15
f=g+h=1+12=13
Fin iteration 11

Iteration 12
*** LEAE - long : 17
EST
  5  6  1  2  3  4
 11  7  #  8  9 10
 17 12 13 14 15 16
f=g+h=12+2=14
SUD
  5  6  1  2  3  4
 11 12  7  8  9 10
 17  # 13 14 15 16
f=g+h=12+0=12
OUEST
  5  6  1  2  3  4
  # 11  7  8  9 10
 17 12 13 14 15 16
f=g+h=12+2=14
OUEST
  #  5  1  2  3  4
 11  6  7  8  9 10
 17 12 13 14 15 16
f=g+h=11+3=14
SUD
  5  1  7  2  3  4
 11  6  #  8  9 10
 17 12 13 14 15 16
f=g+h=10+4=14
SUD
  5  1  2  8  3  4
 11  6  7  #  9 10
 17 12 13 14 15 16
f=g+h=9+5=14
SUD
  5  1  2  3  9  4
 11  6  7  8  # 10
 17 12 13 14 15 16
f=g+h=8+6=14
EST
  #  1  2  3  4  5
 11  6  7  8  9 10
 17 12 13 14 15 16
f=g+h=7+7=14
EST
  5  1  2  3  4 10
  #  6  7  8  9 11
 17 12 13 14 15 16
f=g+h=6+8=14
OUEST
  5  1  2  3  4 10
 11  6  7  8  #  9
 17 12 13 14 15 16
f=g+h=6+8=14
EST
  5  1  2  3  4 10
 11  6  7  8  9 16
  # 12 13 14 15 17
f=g+h=5+9=14
NORD
  5  1  2  3  4 10
 11  6  7  8  # 16
 17 12 13 14  9 15
f=g+h=4+10=14
NORD
  5  1  2  3  4 10
 11  6  7  #  9 16
 17 12 13  8 14 15
f=g+h=3+11=14
OUEST
  5  1  2  3  4 10
 11  6  7  8  9 16
 17  # 12 13 14 15
f=g+h=2+11=13
EST
  5  1  2  3  4 10
 11  6  8  #  9 16
 17 12  7 13 14 15
f=g+h=1+12=13
OUEST
  5  1  2  3  4 10
 11  #  6  8  9 16
 17 12  7 13 14 15
f=g+h=1+12=13
NORD
  5  1  #  3  4 10
 11  6  2  8  9 16
 17 12  7 13 14 15
f=g+h=1+12=13
Fin iteration 12

